GRBID	Fbest	F_min	F_max	T_abest	T_amin	T_amax	Alpha_best	Alpha_min	Alpha_max	Photonindex_plateau	Photonerror_min	Photon_errormax	Tt	Tfinal	Redshift	PeakFlux	PeakFluxErr	PhinPrompt	PhinPromptErr	Epeak	Epeakerr	T90	T90Err	Fluence	FluenceErr	PeakFlux	PeakErr	Gamma	NH	Beta	IndexErr
50315	-11.3757	-11.4082	-11.3433	4.86356	4.81844	4.90868	1.10818	1.05902	1.15735	1.856	0.084	0.082	2.7	6	1.949	1.12E-07	8.25E-09	-2.08E+00	0.115575758	0.00E+00	0.00E+00	95.6	 1.396338e+01 	0.00000322	1.46	0.000000112	0.22	1.99544	8.26E+21	0.856	0.09
50319	-10.7047	-10.7464	-10.6631	3.73997	3.67804	3.8019	0.863159	0.828601	0.897717	1.971	0.118	0.1	2.56	6	3.24	7.72E-08	9.55E-09	-1.08E-01	1.270084848	0.00E+00	0.00E+00	152.5	 1.064419e+01 	0.00000131	1.48	7.72E-08	0.21	2.01045	8.66E+20	0.971	0.19
50401	-9.65399	-9.67345	-9.63454	3.12435	3.09602	3.15268	0.984108	0.958047	1.01017	1.9995	0.256080554	0.221251554	2	6	2.9	1.10E-06	6.01E-08	-6.66E-02	0.391551818	0.00E+00	0.00E+00	33.3	 5.774426e-01 	0.00000822	3.06	0.0000011	0.92	1.78711	1.34E+22	0.9995	0.07
050416A	-10.5564	-10.6048	-10.508	2.99481	2.92405	3.06558	0.842217	0.827268	0.857165	1.9	0.19	0.18	2	6.5	0.6535	2.22E-07	1.46E-08	-2.84E+00	0.117336364	0.00E+00	0.00E+00	2.5	 3.422086e+00 	0.000000367	0.37	0.000000222	0.48	2.06183	5.64E+21	0.9	0.22
50730	-10.0984	-10.125	-10.0718	4.05018	4.03239	4.06798	2.38763	2.33383	2.44143	1.5615	0.030793668	0.030372685	2.2	6	3.97	4.60E-08	7.64E-09	-1.32E+00	0.274558788	0.00E+00	0.00E+00	156.5	 1.861522e+01 	0.00000238	1.52	0.000000046	0.14	1.6177	5.48E+21	0.5615	0.11
50802	-10.2869	-10.3144	-10.2594	3.63973	3.60713	3.67233	1.44729	1.41455	1.48003	1.8585	0.088776405	0.084037194	2.1	6	1.7102	2.21E-07	2.15E-08	-1.29E+00	0.152333333	0.00E+00	0.00E+00	19	 8.164955e+00 	0.000002	1.57	0.000000221	0.44	1.8557	1.81E+21	0.8585	0.13
50803	-10.8602	-10.9091	-10.8113	4.21721	4.16955	4.26487	1.52234	1.47364	1.57103	2.218	1.350668816	0.900956297	2.6	6.2	3.5	8.15E-08	6.67E-09	-1.23E+00	0.127424242	0.00E+00	0.00E+00	87.9	 1.019719e+01 	0.00000215	1.35	8.15E-08	0.11	2.11696	2.23E+21	1.218	0.11
50824	-12.2388	-12.3074	-12.1703	5.08558	4.95836	5.2128	0.954481	0.864503	1.04446	1.86	0.18	0.16	2.1	7	0.83	3.25E-08	7.49E-09	-1.78E+00	0.355075758	0.00E+00	0.00E+00	22.6	 5.553665e+00 	0.000000266	0.52	3.25E-08	0.15	1.94709	9.35E+20	0.86	0.38
50826	-12.3335	-12.5675	-12.0994	4.76235	4.62377	4.90093	1.801	1.56568	2.03644	2.11	0.47	0.41	4	6	0.297	3.17E-08	7.05E-09	-1.25E+00	0.414395152	0.00E+00	0.00E+00	35.5	 6.309810e+00 	0.000000413	0.72	3.17E-08	0.13	2.45742	9.14E+21	1.11	0.31
051016B	-11.5896	-11.635	-11.5443	4.25742	4.19925	4.3156	1.14771	1.09917	1.19625	1.73	0.17	0.16	2.3	6.1	0.9364	7.49E-08	7.77E-09	-7.89E-01	0.648063636	0.00E+00	0.00E+00	4	 4.482187e-01 	0.00000017	0.22	7.49E-08	0.16	1.89482	5.18E+21	0.73	0.23
051109A	-10.5194	-10.5676	-10.4713	3.91123	3.86486	3.9576	1.22299	1.20383	1.24214	2.06	0.270601183	0.161012422	2.3	6.1	2.346	3.01E-07	3.03E-08	-1.45E+00	0.150809091	0.00E+00	0.00E+00	37.2	 6.069085e+00 	0.0000022	2.72	0.000000301	0.69	2.06584	9.34E+21	1.06	0.20
051109B	-11.5749	-11.6671	-11.4827	3.65548	3.52884	3.78213	1.251	1.12883	1.37317	2.06	0.29	0.27	1	6.1	0.08	3.70E-08	6.52E-09	-1.85E+00	0.270387879	0.00E+00	0.00E+00	14.3	 4.117119e+00 	0.000000256	0.41	0.000000037	0.13	2.12549	2.33E+21	1.06	0.24
051221A	-11.6936	-11.7566	-11.6306	4.20075	4.11566	4.28583	1.09586	1.0401	1.15162	1.89	0.2	0.19	3	6.1	0.547	1.02E-06	1.86E-08	-1.27E+00	0.031618182	0.00E+00	0.00E+00	1.4	 1.974639e-01 	0.00000115	0.35	0.00000102	0.39	2.0589	1.88E+21	0.89	0.06
60115	-11.2952	-11.3764	-11.214	3.69688	3.57387	3.8199	0.889919	0.836035	0.943803	2	0.35	0.18	3	6	3.53	7.20E-08	6.82E-09	-1.27E+00	0.149393939	0.00E+00	0.00E+00	139.6	 1.521002e+01 	0.00000171	1.50	0.000000072	0.12	2.10553	2.71E+21	1	-0.5/0.6
60124	-10.6893	-10.7338	-10.6449	4.47599	4.43932	4.51265	1.3641	1.34783	1.38037	1.99	0.353344379	0.200584147	3	6.4	2.3	6.33E-08	9.04E-09	-1.58E+00	0.212836364	0.00E+00	0.00E+00	710	 1.291649e+00 	0.000000461	0.53	6.33E-08	0.18	2.00895	8.27E+21	0.99	0.19
60206	-10.6316	-10.7022	-10.5611	3.93814	3.8637	4.01258	1.17565	1.14698	1.20432	2.265	0.20808652	0.182002747	2	6.4	4.05	2.01E-07	8.25E-09	-9.09E-01	0.234055758	0.00E+00	0.00E+00	7.6	 2.192934e+00 	0.000000831	0.42	0.000000201	0.17	2.20424	2.19E+22	1.265	-0.3/0.3
60210	-10.6679	-10.6971	-10.6387	4.15028	4.11992	4.18065	1.20511	1.18214	1.22808	1.979	0.322615871	0.155371329	2.8	6.4	3.91	1.18E-07	1.57E-08	-9.00E-01	0.260285758	0.00E+00	0.00E+00	255	 1.517893e+02 	0.00000766	4.09	0.000000118	0.28	2.08163	2.44E+22	0.979	0.09
60218	-11.8228	-11.983	-11.6626	5.07614	4.9355	5.21678	1.3185	1.21034	1.42681	4.17	0.42	0.38	4.2	6	0.0331	4.68E-09	8.88E-11	-2.32	0.321	0.00E+00	0.00E+00	2100	 N/A 	0.00000157	1.52	4.68E-09	0.11	3.52495	3.98E+21	3.17	0.17
060223A	-10.9636	-11.1618	-10.7654	2.78682	2.55205	3.02159	1.1892	1.00915	1.36925	1.84	0.26	0.17	2	4	4.41	9.94E-08	8.73E-09	-1.58E+00	0.131760606	0.00E+00	0.00E+00	11.3	 1.072604e+00 	0.000000673	0.48	9.94E-08	0.18	2.01015	3.15E+22	0.81	0.12
60306	-10.7056	-10.7405	-10.6706	3.61496	3.57044	3.65948	1.03794	1.01296	1.06292	1.76	0.24	0.22	2.4	6	1.55	4.70E-07	1.72E-08	-8.19E-01	0.222917273	0.00E+00	0.00E+00	61.2	 3.363018e+00 	0.00000213	1.18	0.00000047	0.35	2.28823	4.17E+21	0.76	0.10
060502A	-10.5532	-10.6099	-10.4964	3.3865	3.31142	3.46159	0.897152	0.876627	0.917678	1.87	0.22	0.19	2.3	6.4	1.51	1.67E-07	1.21E-08	-9.37E-01	0.122572424	0.00E+00	0.00E+00	28.4	 9.861223e+00 	0.00000231	1.02	0.000000167	0.21	2.02719	2.86E+21	0.87	0.08
060510B	-12.2656	-12.4862	-12.045	4.43617	4.11989	4.75245	1.00735	0.775981	1.23872	2.38	0.54	0.48	3.2	6	4.9	4.51E-08	6.22E-09	-1.40E+00	0.216151515	0.00E+00	0.00E+00	275.2	 9.031047e+00 	0.00000407	1.76	4.51E-08	0.11	2.1317	1E+22	1.38	0.08
60526	-11.305	-11.3729	-11.2372	3.8752	3.78304	3.96736	1.05873	0.996411	1.12104	1.93	0.156	0.095	2.95	6	3.21	1.30E-07	1.05E-08	-3.36E-01	0.510913333	0.00E+00	0.00E+00	298.2	 2.289869e+01 	0.00000126	1.65	0.00000013	0.18	1.90677	1.29E+16	0.93	0.24
60604	-11.7689	-11.8109	-11.727	4.45991	4.40997	4.50985	1.21596	1.16901	1.26291	2.02	0.14	0.14	2.6	6.2	2.1357	2.32E-08	3.22E-09	-1.75E+00	0.84	0.00E+00	0.00E+00	95	 2.262742e+01 	0.000000402	1.06	2.32E-08	0.13	2.1711	9.77E+21	1.02	0.42
60605	-11.2609	-11.3141	-11.2078	4.04162	4.00425	4.079	1.9179	1.8329	2.0029	1.835	0.50798622	0.305	2.31	5	3.8	4.73E-08	6.93E-09	-8.51E-01	0.258882424	0.00E+00	0.00E+00	79.1	 6.632779e+00 	0.000000697	0.90	4.73E-08	0.12	2.02128	5.93E+21	0.835	0.20
060607A	-11.0226	-11.0987	-10.9465	4.37412	4.34828	4.39996	3.43151	3.2684	3.59463	1.564	0.078654307	0.0545	2.7	5.4	3.082	1.28E-07	7.57E-09	-1.08E+00	0.095376667	0.00E+00	0.00E+00	102.2	 2.806196e+01 	0.00000255	1.12	0.000000128	0.13	1.61002	6.25E+21	0.564	0.08
60614	-11.7815	-11.8244	-11.7386	5.03344	5.00454	5.06234	1.9453	1.88548	2.00514	1.783	0.083	0.071	2.7	6.5	0.125	8.37E-07	3.29E-08	-1.60E+00	0.062339394	0.00E+00	0.00E+00	108.7	 3.372837e+00 	0.0000204	3.63	0.000000837	0.74	1.89544	3.25E+20	0.783	0.04
60708	-10.8688	-10.93	-10.8077	3.50569	3.44297	3.56842	1.12969	1.10116	1.15821	2.485	1.069824752	0.401621713	2.27	6.2	1.92	6.89E-08	7.96E-09	-8.45E-01	0.302002121	0.00E+00	0.00E+00	10.2	 3.672148e+00 	0.000000494	0.37	6.89E-08	0.14	2.20484	6.18E+20	1.485	0.12
60714	-10.8586	-10.8938	-10.8234	3.73449	3.68772	3.78125	1.20488	1.16958	1.24019	1.87	0.15	0.14	2.46	6.2	2.71	9.13E-08	5.49E-09	-6.51E-01	0.467112424	0.00E+00	0.00E+00	115	 8.968655e+00 	0.00000283	1.67	9.13E-08	0.13	2.04425	1.03E+22	0.87	0.11
60729	-11.1507	-11.1623	-11.1391	5.1057	5.09287	5.11852	1.35481	1.34139	1.36824	2.317	0.420429542	0.26564497	2.75	7.2	0.54	7.60E-08	6.11E-09	-1.83E+00	0.122475758	0.00E+00	0.00E+00	115.3	 2.212824e+01 	0.00000261	2.11	0.000000076	0.13	2.02393	9.13E+20	1.317	0.14
60814	-10.9108	-10.9461	-10.8755	4.22387	4.18901	4.25872	1.29504	1.27047	1.3196	1.97	0.1	0.1	3.03	6.2	0.84	6.06E-07	1.48E-08	-1.30E+00	0.03990303	0.00E+00	0.00E+00	145.3	 4.819031e+00 	0.0000146	2.39	0.000000606	0.29	2.11591	1.02E+22	0.97	0.03
060904B	-11.1163	-11.2029	-11.0296	3.87074	3.78945	3.95204	1.36265	1.3205	1.4048	2.58	0.761593724	0.48931074	2.69	6.2	0.703	2.09E-07	1.19E-08	-1.21E+00	0.088072727	0.00E+00	0.00E+00	171.5	 2.116182e+01 	0.00000162	1.43	0.000000209	0.21	2.18877	3.9E+21	1.58	0.14
60906	-11.8833	-11.9717	-11.7948	4.33479	4.26264	4.40693	1.71887	1.54924	1.88851	2.06	0.18	0.17	2.5	6	3.685	1.22E-07	1.18E-08	-2.00E+00	0.150721212	0.00E+00	0.00E+00	43.5	 2.594496e+00 	0.00000221	1.36	0.000000122	0.28	2.07859	2.63E+22	1.06	0.11
60908	-9.62707	-9.67226	-9.58189	2.81918	2.75925	2.87911	1.38309	1.33345	1.43273	2.185	0.17613915	0.169189243	1.5	6	1.8836	2.71E-07	1.49E-08	-2.74E-01	0.361500909	0.00E+00	0.00E+00	19.3	 1.302160e+00 	0.0000028	1.11	0.000000271	0.25	2.13395	6.45E+21	1.185	-0.3/0.3
61021	-10.0409	-10.0673	-10.0145	3.23849	3.2045	3.27248	1.01707	1.00665	1.02748	1.785	0.170073514	0.136473441	2.29	7	0.3463	5.44E-07	1.54E-08	-1.13E+00	0.046984848	0.00E+00	0.00E+00	46.2	 5.632594e+00 	0.00000296	1.01	0.000000544	0.27	1.99282	7.44E+20	0.785	0.06
60927	-10.7768	-10.8579	-10.6956	3.15198	3.04355	3.26042	1.39098	1.2722	1.50977	1.83	0.910823803	0.553827591	1.68	5.2	5.6	2.46E-07	1.07E-08	-2.86E-01	0.259095152	0.00E+00	0.00E+00	22.5	 1.190914e+00 	0.00000113	0.68	0.000000246	0.17	1.94856	1.28E+22	0.83	-0.4/0.4
61121	-10.0299	-10.0426	-10.0173	3.78753	3.7705	3.80456	1.35185	1.336	1.3677	1.9485	0.07738863	0.072672209	2.27	6.5	1.314	1.96E-06	2.43E-08	-1.05E+00	0.022127273	0.00E+00	0.00E+00	81.3	 4.640242e+01 	0.0000137	1.99	0.00000196	0.46	1.90181	5.67E+21	0.9485	0.03
61201	-10.4135	-10.5071	-10.3198	3.49343	3.39955	3.58732	1.98937	1.81986	2.15887	1.145	0.298872883	0.176776695	1.5	5.2	0.111	3.55E-07	1.73E-08	-8.32E-01	0.085730909	0.00E+00	0.00E+00	0.76	 9.507892e-02 	0.000000334	0.27	0.000000355	0.31	1.65934	1.47E+21	0.145	0.15
70110	-11.0488	-11.1036	-10.9941	4.26825	4.21425	4.32224	1.42725	1.3807	1.47381	2.186	0.451559797	0.208224038	2.4	6.5	2.352	4.73E-08	6.48E-09	-1.46E+00	0.206030303	0.00E+00	0.00E+00	88.4	 1.441929e+01 	0.00000162	1.08	4.73E-08	0.12	2.08596	2.51E+21	1.186	0.12
70208	-10.8636	-11.0255	-10.7017	3.44468	3.30354	3.58582	1.2125	1.149	1.27614	2.14	0.4	0.37	2	5.2	1.165	3.42E-08	9.45E-09	-1.09E+00	0.557371212	0.00E+00	0.00E+00	47.7	 2.262742e+01 	0.000000445	1.01	3.42E-08	0.22	2.20341	7.32E+21	1.14	0.36
70306	-11.2737	-11.3072	-11.2402	4.86926	4.84102	4.8975	1.89982	1.83794	1.9617	1.831	0.086	0.084	2.7	6.1	1.4959	2.01E-07	8.99E-09	-1.19E+00	0.214595455	0.00E+00	0.00E+00	209.5	 6.460994e+01 	0.00000538	2.86	0.000000201	0.21	1.94468	2.77E+22	0.831	0.10
70521	-10.0125	-10.0615	-9.96348	3.55243	3.50399	3.60087	1.44502	1.38882	1.50122	1.98	0.808115091	0.513078941	1.8	5.5	0.553	8.71E-08	1.20E-08	-5.28E-01	0.164807273	0.00E+00	0.00E+00	37.9	 2.376690e+00 	0.00000801	1.77	8.71E-08	0.27	2.00022	1.88E+22	0.98	-0.2/0.2
70529	-10.2468	-10.302	-10.1916	3.09323	3.02519	3.16128	1.21432	1.17931	1.24933	1.76	0.21	0.18	2.2	5.8	2.4996	1.11E-07	1.84E-08	-1.49E+00	0.240866667	0.00E+00	0.00E+00	109.2	 2.073183e+01 	0.00000257	2.45	0.000000111	0.36	1.97999	3.65E+22	0.76	0.16
070714B	-10.7429	-10.8422	-10.6435	3.22974	3.13514	3.32434	1.64623	1.5378	1.75465	1.93	0.15	0.14	2.47	5	0.92	2.71E-07	1.04E-08	-8.82E-01	0.063144545	0.00E+00	0.00E+00	64	 9.508734e+00 	0.00000072	0.9	0.000000271	0.2	2.07429	4.4E+21	0.93	0.19
70802	-11.672	-11.8459	-11.498	3.92184	3.6856	4.15809	1.16348	0.954603	1.37236	1.78	0.33	0.24	2.5	5.5	2.45	2.31E-08	6.90E-09	-2.48E+00	0.676054545	0.00E+00	0.00E+00	16.4	 2.500653e+00 	0.00000028	0.5	2.31E-08	0.1	1.99014	8.2E+21	0.78	0.27
70809	-11.9611	-12.1528	-11.7694	4.18985	3.98287	4.39684	1.17521	0.779564	1.57085	1.396	0.218	0.099	2.4	5	0.2187	9.07E-08	7.62E-09	-1.54E+00	0.123436364	0.00E+00	0.00E+00	1.3	 3.731809e-01 	0.0000001	0.1	9.07E-08	0.2	1.37246	6.4E+20	0.396	0.22
070810A	-10.7777	-10.8395	-10.716	3.36583	3.29396	3.4377	1.36994	1.29203	1.44786	2.02	0.34	0.32	2	5	2.17	1.25E-07	9.47E-09	-1.81E+00	0.114027273	0.00E+00	0.00E+00	11	 2.682462e+00 	0.00000069	0.6	0.000000125	0.2	2.17076	8.53E+21	1.02	0.14
80310	-11.39909559	-11.44156902	-11.35662216	4.326080559	4.2880938	4.364067319	1.595906475	1.530630124	1.661182827	1.878	0.139	0.064	3	6	2.4266	7.52E-08	8.93E-09	-7.18E-01	0.813071212	0.00E+00	0.00E+00	365	 1.690135e+01 	0.0000023	2	7.52E-08	0.2	2.09352	36427300000	0.878	0.16
080319B	-12.15166808	-12.24944753	-12.05388862	5.367999124	5.28037267	5.455625577	1.422509787	1.347369882	1.497649692	1.73	0.19	0.19	4.8	6.5	0.937	2.37E-06	2.63E-08	-9.89E-01	0.020663636	0.00E+00	0.00E+00	50	 3.095269e+00 	0.000081	10	0.00000237	0.5	1.81426	7.54E+20	0.73	0.02
080319C	-8.91652	-8.96407	-8.86399	3.19029	3.15122	3.24548	1.45203	1.4267	1.48378	2.94	2.350765833	1.950775487	1.4	6	1.95	4.65E-07	1.98E-08	-1.07E+00	0.065181818	0.00E+00	0.00E+00	34	 9.414571e+00 	0.0000036	1	0.000000465	0.3	1.61029	5.63E+21	1.94	0.07
80411	-10.11356029	-10.17399572	-10.05312486	4.209325619	4.160050039	4.2586012	1.28909841	1.278801617	1.299395203	1.91	0.13	0.13	3.8	6.5	1.03	3.04E-06	2.93E-08	-1.53E+00	0.017987879	0.00E+00	0.00E+00	56	 9.227524e-01 	0.0000264	1	0.00000304	0.9	1.97674	3.74E+21	0.91	0.03
80430	-11.17223461	-11.20041558	-11.14405365	4.217629106	4.179240584	4.256017629	0.992697628	0.971762559	1.013632697	4.18	1.801	1.65	2.5	6.5	0.767	1.82E-07	8.08E-09	-1.75E+00	0.072306061	0.00E+00	0.00E+00	16.2	 1.899732e+00 	0.0000012	1	0.000000182	0.2	2.03541	3.3E+21	3.18	0.09
80516	-11.12117508	-11.19897875	-11.04337142	3.774528265	3.66347057	3.885585961	0.940169156	0.855280798	1.025057514	2.48	0.6	0.54	2.8	5	3.2	1.22E-07	1.40E-08	-2.68E-01	0.763430303	0.00E+00	0.00E+00	5.8	 2.232129e-01 	0.00000026	0.4	0.000000122	0.3	2.3315	1.08E+22	1.48	0.27
80607	-10.05407183	-10.16449255	-9.94365111	3.462984031	3.393324717	3.532643345	1.725607399	1.687970012	1.763244787	2.06	0.49	0.45	3	6	3.036	2.37E-06	7.23E-08	-8.05E-01	0.047562424	0.00E+00	0.00E+00	79	 3.041697e+00 	0.000024	0.0	0.00000237	1.1	2.03418	2.42E+22	1.06	0.04
80710	-11.2325386	-11.29523358	-11.16984362	4.09266933	4.038458543	4.146880117	1.521337846	1.457321415	1.585354276	2.3	0.952955928	0.651920241	2	6	0.845	6.05E-08	9.63E-09	-1.84E+00	0.223709091	0.00E+00	0.00E+00	120	 2.514022e+01 	0.0000014	2	6.05E-08	0.2	2.00149	7.89E+20	1.3	0.23
80721	-8.713485538	-8.720504837	-8.70646624	2.87876286	2.871208044	2.886317675	1.334375589	1.327939916	1.340811262	1.735	0.018	0.018	2	6.1	2.6	1.93E-06	1.03E-07	-9.95E-01	0.088898485	0.00E+00	0.00E+00	16.2	 1.144703e+02 	0.000012	10	0.00000193	1.8	1.9433	6.27E+21	0.735	0.08
80810	-9.931925517	-9.963756223	-9.900094811	3.268754796	3.229016108	3.308493483	1.445295258	1.409155963	1.481434553	2.079	0.079	0.076	2.4	6	3.35	1.69E-07	1.08E-08	-1.24E+00	0.103081818	0.00E+00	0.00E+00	106	 3.471544e+00 	0.0000046	2	0.000000169	0.2	2.11482	2.82E+21	1.079	0.06
080905B	-10.11185797	-10.14422254	-10.0794934	3.678206148	3.63938066	3.717031637	1.369462258	1.336160506	1.402764009	1.375	0.165604952	0.154434452	2.2	6	2.374	1.26E-07	1.30E-08	-1.44E+00	0.176021212	0.00E+00	0.00E+00	128	 2.805833e+01 	0.0000018	2	0.000000126	0.1	1.86248	2.16E+22	0.375	0.15
80928	-11.12613293	-11.19061697	-11.0616489	4.084505029	4.036588261	4.132421798	1.760317743	1.684347008	1.836288478	1.99	0.11	0.11	3	5.5	1.69	1.58E-07	7.72E-09	-1.50E+00	0.075193939	0.00E+00	0.00E+00	280	 2.080139e+01 	0.0000025	2	0.000000158	0.1	2.13864	3.24E+21	0.99	0.12
81007	-10.58510158	-10.6382627	-10.53194047	3.58176278	3.497478382	3.666047178	1.00469263	0.965557779	1.043827481	1.92	0.18	0.17	2.4	6.1	0.5295	1.63E-07	1.43E-08	-2.20E+00	0.153509091	0.00E+00	0.00E+00	10	 4.874095e+00 	0.00000071	0.8	0.000000163	0.4	2.102	4.97E+21	0.92	0.20
81008	-10.79325557	-10.85378546	-10.73272568	3.855508334	3.79922265	3.911794018	1.473984673	1.409995994	1.537973352	1.84	0.18	0.13	3	6	1.967	1.05E-07	8.13E-09	-1.34E+00	0.12310303	0.00E+00	0.00E+00	185.5	 3.822846e+01 	0.0000043	2	0.000000105	0.1	1.98207	1.37E+21	0.84	0.07
81029	-11.86226923	-11.94552003	-11.77901842	4.481561711	4.438708301	4.52441512	2.519603733	2.350405212	2.688802254	1.87	0.094	0.092	2.5	6	3.847	3.06E-08	8.11E-09	-1.74E+00	0.4072	0.00E+00	0.00E+00	270	 4.895488e+01 	0.0000021	2	3.06E-08	0.2	1.95818	3.14E+21	0.87	0.18
81221	-9.354590372	-9.379575872	-9.329604872	2.931957486	2.900780835	2.963134137	1.235861256	1.222999399	1.248723112	1.991	0.056	0.055	2.4	6	2.26	1.47E-06	2.46E-08	-7.87E-01	0.109054545	0.00E+00	0.00E+00	34	 9.216507e-01 	0.0000181	3	0.00000147	0.5	2.4947	3.74E+21	0.991	0.13
81230	-11.3297064	-11.3998508	-11.259562	3.669593645	3.582243375	3.756943914	0.993764978	0.95338356	1.034146396	2.02	0.42	0.38	2.5	6	2.1	5.53E-08	6.45E-09	-1.43E+00	0.175448485	0.00E+00	0.00E+00	60.7	 1.342613e+01 	0.00000082	0.8	5.53E-08	0.1	2.08621	4.7E+20	1.02	0.16
90102	-9.456627445	-9.492867428	-9.420387462	3.153800766	3.11221042	3.195391111	1.424876309	1.403089714	1.446662905	1.667	0.108061325	0.10271441	2	6	1.55	5.38E-07	4.95E-08	-9.14E-01	0.141836364	0.00E+00	0.00E+00	27	 2.345679e+00 	0.000000068	0.03	0.000000538	0.8	1.76997	5.29E+21	0.667	0.08
90205	-11.3423	-11.4754	-11.2065	3.70655	3.61227	3.84144	1.29089	1.20754	1.37591	2.01	0.24	0.19	2.6	6	4.7	2.97E-08	5.56E-09	-1.98E+00	0.277175758	0.00E+00	0.00E+00	8.8	 1.779457e+00 	0.00000019	0.3	2.97E-08	0.1	2.03416	6.58E+21	1.01	0.23
090418A	-10.04734554	-10.07600494	-10.01868613	3.528136567	3.497377547	3.558895588	1.529096669	1.486942155	1.571251182	1.98	0.148660687	0.141598023	2.1	5.6	1.608	1.58E-07	1.66E-08	-1.29E+00	0.167690909	0.00E+00	0.00E+00	56	 4.061271e+00 	0.0000046	2	0.000000158	0.3	2.03408	1.06E+22	0.98	0.07
90424	-9.050589497	-9.061846595	-9.039332398	2.995990561	2.982595747	3.009385375	1.128410598	1.122863712	1.133957485	1.924	0.039	0.039	2.3	6.5	0.544	5.81E-06	1.01E-07	-9.84E-01	0.11369	0.00E+00	0.00E+00	48	 2.268596e+00 	0.000021	0.0	0.00000581	2.0	1.96315	4.27E+21	0.924	0.15
90510	-10.11471036	-10.15694036	-10.07248037	3.17793555	3.142933083	3.212938016	2.00074629	1.929305882	2.072186698	1.6405	0.095185346	0.078212851	2	5	0.903	4.31E-07	3.22E-08	-8.95E-01	0.125966364	0.00E+00	0.00E+00	0.3	 1.876371e+00 	0.00000034	0.4	0.000000431	1.1	1.75106	4.39E+20	0.6405	0.20
090516A	-11.27458086	-11.31237691	-11.23678481	4.33113504	4.301419725	4.360850355	1.760983139	1.70763155	1.814334727	1.502	1.32073313	0.362558961	3	6	4.1	1.42E-07	2.93E-08	2.83E+00	3.059932424	0.00E+00	0.00E+00	210	 4.125514e+01 	0.000009	6	0.000000142	0.2	2.09	1.57E+21	0.502	0.11
90530	-11.16037428	-11.2495499	-11.07119865	3.683946399	3.56858137	3.799311427	0.886105811	0.847591609	0.924620012	2.09	0.63	0.56	2.7	6	1.266	2.66E-07	1.53E-08	-1.29E+00	0.086672727	0.00E+00	0.00E+00	48	 7.867540e+00 	0.0000011	1	0.000000266	0.3	2.03975	8.12E+20	1.09	0.17
90618	-9.639275838	-9.648971093	-9.629580584	3.672754528	3.658508915	3.68700014	1.309428612	1.298836996	1.320020228	1.8945	0.12583819	0.120872867	2.8	6	0.54	3.13E-06	3.53E-08	-1.36E+00	0.020712121	0.00E+00	0.00E+00	113.2	 5.803447e-01 	0.000105	10	0.00000313	0.8	1.82831	2.47E+21	0.8945	0.08
90927	-11.67225839	-11.74852686	-11.59598991	4.201218887	4.107976938	4.294460836	1.130877409	1.056033438	1.20572138	1.92	0.21	0.19	3	6	1.37	1.18E-07	1.23E-08	-6.70E-01	0.618722121	0.00E+00	0.00E+00	2.2	 4.008989e-01 	0.0000002	0.3	0.000000118	0.2	2.06549	1.04E+21	0.92	0.20
91018	-9.626765539	-9.651054142	-9.602476935	2.896555345	2.862057467	2.931053222	1.180748671	1.164413557	1.197083785	1.91	0.108166538	0.10404326	1.9	6	0.971	5.91E-07	1.22E-08	-2.19E+00	0.038245455	0.00E+00	0.00E+00	4.4	 5.971265e-01 	0.0000014	1	0.000000591	0.4	1.98015	1.56E+21	0.91	0.24
91020	-9.71287528	-9.747355967	-9.678394593	2.952650108	2.907378853	2.997921363	1.174172639	1.155927778	1.1924175	1.895	0.125299641	0.120933866	2.4	6	1.71	3.64E-07	1.71E-08	-1.18E+00	0.07539697	0.00E+00	0.00E+00	34.6	 4.888576e+00 	0.0000037	1	0.000000364	0.3	2.08587	5.08E+21	0.895	0.07
91029	-11.34682089	-11.37245441	-11.32118737	4.303689975	4.269465973	4.337913978	1.121233681	1.094451657	1.148015706	2.064	0.1	0.096	2.8	6.3	2.752	1.09E-07	7.86E-09	-9.26E-01	0.393725758	0.00E+00	0.00E+00	39.2	 4.860979e+00 	0.0000024	1	0.000000109	0.1	2.11535	2.82E+21	1.064	0.27
091109A	-11.14600534	-11.20541568	-11.086595	3.379338831	3.305069955	3.453607708	1.061528156	1.027808585	1.095247728	1.89	0.47	0.41	2.65	6	3.076	9.90E-08	1.82E-08	-1.36E+00	0.328056667	0.00E+00	0.00E+00	48	 1.695022e+01 	0.0000016	2	0.000000099	0.4	1.96352	7.87E+21	0.89	0.25
91127	-9.845087061	-9.863649576	-9.826524545	3.984668123	3.962732917	4.00660333	1.395817008	1.382229699	1.409404317	1.758	0.084594622	0.079711982	2	6.5	0.49	2.99E-06	1.07E-07	-1.83E+00	0.057248485	0.00E+00	0.00E+00	7.1	 1.503596e-01 	0.000009	3	0.00000299	2.7	1.80187	7.56E+20	0.758	0.07
091208B	-10.18031025	-10.21711667	-10.14350384	3.313880941	3.260952765	3.366809118	1.160654102	1.130151648	1.191156556	1.86	0.277713882	0.20838666	2	6	1.063	1.11E-06	4.82E-08	-1.49E+00	0.069439394	0.00E+00	0.00E+00	14.9	 3.360838e+00 	0.0000033	2	0.00000111	1.0	2.03333	8.17E+21	0.86	0.11
100219A	-12.13530676	-12.46170239	-11.80891114	4.721899099	4.618125636	4.825672562	3.692984743	2.962131341	4.423838146	1.46	0.14	0.13	2.9	5.2	4.7	3.15E-08	7.21E-09	-1.43E+00	0.376558182	0.00E+00	0.00E+00	18.8	 8.649852e+00 	0.00000037	0.6	3.15E-08	0.1	1.58721	2.66E+18	0.46	0.25
100316B	-11.14843575	-11.25274817	-11.04412333	3.554376695	3.347027934	3.761725455	1.362460631	1.229239671	1.495681591	2.08	0.24	0.2	2.2	6	1.18	7.75E-08	6.51E-09	-2.15E+00	0.134230303	0.00E+00	0.00E+00	3.8	 4.258075e-01 	0.0000002	0.2	7.75E-08	0.1	2.23535	2.59E+21	1.08	0.18
100418A	-12.4879	-12.5799	-12.365	5.54363	5.47702	5.62797	1.81145	1.63793	1.97365	1.84	0.24	0.22	3	6.5	0.624	5.03E-08	9.17E-09	-2.66E+00	0.381166667	0.00E+00	0.00E+00	7	 1.078080e+00 	0.00000034	0.5	5.03E-08	0.2	2.26662	4.16E+15	0.84	0.25
100425A	-11.50116648	-11.57202554	-11.43030741	3.601994145	3.486868609	3.717119681	0.86819371	0.813116815	0.923270604	2.46	0.55	0.48	2.5	6	1.755	7.34E-08	9.16E-09	-2.36E+00	0.198363636	0.00E+00	0.00E+00	37	 2.313897e+00 	0.00000047	0.9	7.34E-08	0.2	2.17077	3.43E+20	1.46	0.32
100513A	-11.57203392	-11.67021081	-11.47385703	3.745229112	3.616612494	3.873845729	0.963061356	0.90149192	1.024630793	2.36	0.42	0.37	3	6	4.772	4.77E-08	7.84E-09	-1.29E+00	0.26304697	0.00E+00	0.00E+00	84	 2.162838e+01 	0.0000014	1	4.77E-08	0.1	2.25722	1.13E+22	1.36	0.14
100625A	-10.87971113	-11.2413526	-10.51806966	2.438622571	2.199208507	2.678036635	1.846579684	1.603598183	2.089561185	2.08	0.63	0.28	1.9	4.3	0.452	2.49E-07	1.07E-08	-9.22E-01	0.072230606	0.00E+00	0.00E+00	0.33	 3.687817e-02 	0.00000023	0.2	0.000000249	0.2	2.40449	2.15E+20	1.08	0.10
100704A	-10.35197547	-10.39960993	-10.30434101	3.625034952	3.57139558	3.678674325	1.012942109	0.994802149	1.031082068	2.29	0.32	0.3	2.8	6.3	3.6	3.98E-07	1.39E-08	-5.65E-01	0.218560909	0.00E+00	0.00E+00	197.5	 2.338201e+01 	0.000006	2	0.000000398	0.2	2.11575	3.37E+21	1.29	0.06
100724A	-10.67686549	-10.82429366	-10.52943732	2.865025016	2.696096259	3.033953773	1.112376912	1.047374043	1.17737978	1.83	0.27	0.17	2	6	1.288	1.07E-07	1.12E-08	3.71E-02	0.767824242	0.00E+00	0.00E+00	1.4	 1.557947e-01 	0.00000016	0.2	0.000000107	0.2	1.94442	1.04E+21	0.83	0.21
100814A	-11.49332637	-11.53695273	-11.44970001	5.227294768	5.191947631	5.262641906	1.765329405	1.681314236	1.849344573	2.1425	0.276002264	0.241099564	2.8	6	1.44	2.74E-07	1.09E-08	4.08E-01	0.32669897	0.00E+00	0.00E+00	174.5	 1.080321e+01 	0.000009	2	0.000000274	0.2	1.89414	7.87E+20	1.1425	0.04
100816A	-11.55672426	-11.64347348	-11.46997504	3.978012985	3.865998981	4.09002699	1.044550126	0.997374972	1.09172528	2.09	0.34	0.31	2.8	6	0.8	1.61E-07	1.88E-08	-4.94E-01	0.162995758	0.00E+00	0.00E+00	2.9	 6.251399e-01 	0.000002	1	0.000000161	0.4	1.91138	2.23E+21	1.09	0.24
100901A	-11.3406	-11.3651	-11.3085	4.91124	4.89036	4.93886	1.50754	1.47701	1.54952	2.075	0.062	0.061	3	6.3	1.408	5.19E-08	1.07E-08	-1.84E+00	0.371821212	0.00E+00	0.00E+00	439	 2.178751e+01 	0.0000021	3	5.19E-08	0.2	2.07397	3.02E+21	1.075	0.21
101219B	-11.99592706	-12.08537333	-11.90648078	4.420039515	4.253210151	4.58686888	0.669181368	0.629790741	0.708571996	1.94	0.51	0.3	3.8	6.4	0.5519	1.15E-07	2.60E-08	-1.72E+00	0.244457576	0.00E+00	0.00E+00	34	 5.839452e+00 	0.0000021	4	0.000000115	0.3	1.85684	3.14E+20	0.94	0.16
110106B	-10.81420494	-10.85974849	-10.76866138	3.872039463	3.81332506	3.930753867	1.225198834	1.175307606	1.275090062	2.03	0.2	0.19	2	6	0.618	8.90E-08	1.55E-08	-5.16E-01	0.705016667	0.00E+00	0.00E+00	24.8	 1.659487e+01 	0.000002	1	0.000000089	0.3	2.05121	1.98E+21	1.03	0.11
110213A	-9.89698	-9.93009	-9.85833	3.84089	3.81962	3.86665	1.8412	1.81639	1.87209	2.1905	0.681520543	0.228795214	2.1	6	1.46	7.15E-08	1.88E-08	-2.82E+00	0.477678788	0.00E+00	0.00E+00	48	 1.600000e+01 	0.0000059	4	7.15E-08	0.6	1.96436	3.69E+21	1.1905	0.12
110422A	-9.681672985	-9.705810392	-9.657535579	3.500669708	3.471196996	3.530142421	1.422398856	1.39961914	1.445178572	1.778	0.112	0.102	2	6	1.77	2.73E-06	5.87E-08	-6.80E-01	0.138376061	0.00E+00	0.00E+00	25.9	 5.954494e-01 	0.000041	10	0.00000273	1.0	1.89199	1.05E+22	0.778	0.10
110503A	-9.082336001	-9.111334072	-9.05333793	2.541665548	2.512777587	2.570553509	1.146490626	1.140200712	1.15278054	1.687	0.061	0.059	1.9	6	1.61	2.79E-06	8.23E-08	-1.63E-01	0.201226364	0.00E+00	0.00E+00	10	 4.700710e+01 	0.00001	4	0.00000279	0.06	1.90907	1.37E+21	0.687	0.25
110715A	-9.075883162	-9.099659691	-9.052106632	2.611097194	2.575496314	2.646698075	0.958535376	0.9489813	0.968089452	1.755	0.074	0.071	1.9	6	0.82	4.24E-06	4.75E-08	-9.85E-01	0.079349697	0.00E+00	0.00E+00	13	 4.000000e+00 	0.0000118	2	0.00000424	1.1	1.85342	1.19E+22	0.755	0.12
110731A	-12.08537383	-12.18279233	-11.98795534	5.089520716	4.998817901	5.18022353	1.423519273	1.312663972	1.534374574	1.39	0.47	0.21	4.5	6	2.83	8.91E-07	1.88E-08	-7.74E-01	0.132797576	0.00E+00	0.00E+00	38.8	 1.159240e+01 	0.000006	1	0.000000891	0.3	1.85145	9.11E+21	0.39	0.05
110818A	-11.28292779	-11.33807684	-11.22777874	3.846274153	3.786625737	3.905922569	1.371677184	1.304338994	1.439015373	1.83	0.2	0.18	3.2	6	3.36	1.41E-07	1.50E-08	-1.11E+00	0.197767879	0.00E+00	0.00E+00	103	 1.800357e+01 	0.000004	2	0.000000141	0.3	1.95985	1.17E+22	0.83	0.11
111008A	-10.66765993	-10.69617102	-10.63914885	3.989933926	3.95425723	4.025610622	1.215842875	1.188491585	1.243194166	1.829	0.097	0.095	2.5	6	5	5.41E-07	3.91E-08	-1.26E+00	0.111360606	0.00E+00	0.00E+00	63.46	 2.259477e+00 	0.0000053	3	0.000000541	0.7	1.94053	1.48E+22	0.829	0.09
111123A	-11.60816955	-11.68125782	-11.53508128	4.42202873	4.351372959	4.492684501	1.467233707	1.361349561	1.573117854	2.25	0.24	0.23	3.7	5.5	3.1516	7.33E-08	7.49E-09	-1.33E+00	0.1614	0.00E+00	0.00E+00	290	 8.809086e+01 	0.0000073	3	7.33E-08	0.1	2.55463	2.24E+21	1.25	0.07
111228A	-10.65738581	-10.68750416	-10.62726747	4.106278347	4.069013922	4.143542772	1.152976617	1.129677346	1.176275889	1.99	0.11	0.11	2.7	6	0.716	8.06E-07	2.10E-08	-1.83E+00	0.045554545	0.00E+00	0.00E+00	101.2	 5.448429e+00 	0.0000085	2	0.000000806	0.5	2.03824	2.59E+21	0.99	0.06
120118B	-10.956	-11.068	-10.8336	3.68307	3.57391	3.83744	1.0241	0.953778	1.10809	2.01	0.26	0.25	2.5	5	2.943	1.38E-07	1.32E-08	-1.90E+00	0.142154545	0.00E+00	0.00E+00	23.26	 2.695277e+00 	0.0000018	1	0.000000138	0.3	2.20884	2.83E+21	1.01	0.11
120327A	-10.15210338	-10.1957283	-10.10847846	3.485172154	3.433493057	3.53685125	1.44859414	1.390591258	1.506597022	1.63	0.15	0.11	2.4	5.4	2.813	3.28E-07	1.12E-08	-1.25E+00	0.055466667	0.00E+00	0.00E+00	62.9	 7.028584e+00 	0.0000036	1	0.000000328	0.2	1.75797	1.47E+22	0.63	0.06
120404A	-11.0269	-11.1683	-10.9342	3.79948	3.75479	3.89136	1.90651	1.7885	2.03127	1.69	0.13	0.12	2.6	5.2	2.88	7.62E-08	1.09E-08	-1.84E+00	0.22980303	0.00E+00	0.00E+00	38.7	 4.091992e+00 	0.0000016	1	7.62E-08	0.2	1.89579	5.13E+21	0.69	0.13
120422A	-12.73909646	-12.85739888	-12.62079404	5.232666974	5.014848353	5.450485595	0.86153199	0.647080058	1.075983923	2.1	0.42	0.35	2.6	6.2	0.28	5.37E-08	9.21E-09	-1.00E+00	0.296906061	0.00E+00	0.00E+00	5.35	 5.727911e+00 	0.00000023	0.4	5.37E-08	0.2	2.32199	6.82E+16	1.1	0.24
120729A	-10.29748949	-10.36655781	-10.22842117	3.521384868	3.474090097	3.56867964	2.263127344	2.133038862	2.393215826	1.645	0.161012422	0.134350288	2.3	5	0.8	1.93E-07	1.01E-08	-7.77E-01	0.315375758	0.00E+00	0.00E+00	71.5	 3.663556e+01 	0.0000024	1	0.000000193	0.2	1.8831	2.23E+21	0.645	0.08
120802A	-11.17207165	-11.25010386	-11.09403944	3.538384192	3.31782698	3.758941404	0.542155161	0.423992871	0.660317451	1.91	0.31	0.2	2.4	4.3	3.796	2.08E-07	1.14E-08	-1.19E+00	0.3032	0.00E+00	0.00E+00	50	 3.103504e+01 	0.0000019	3	0.000000208	0.2	2.03526	1.32E+22	0.91	0.47
120811C	-10.14322956	-10.19617642	-10.0902827	3.159095907	3.074895606	3.243296209	1.016132987	0.978131997	1.054133977	1.65	0.40607881	0.224610774	2.3	6	2.67	2.60E-07	1.10E-08	-1.02E+00	0.252895455	0.00E+00	0.00E+00	26.8	 3.055921e+00 	0.000003	3	0.00000026	0.2	1.92121	8.26E+21	0.65	0.30
120907A	-10.37700557	-10.41830898	-10.33570216	3.211382703	3.149086009	3.273679396	1.053291038	1.024643767	1.081938308	1.78	0.17	0.16	2	6	0.97	2.28E-07	1.92E-08	-1.39E+00	0.130860606	0.00E+00	0.00E+00	16.9	 7.846528e-01 	0.00000067	1.1	0.000000228	0.4	1.82021	1.11E+21	0.78	0.25
120922A	-10.5957	-10.8072	-10.4799	3.59799	3.54452	3.81127	1.06622	1.03418	1.10544	2.17	0.24	0.23	2.9	6	3.1	1.06E-07	7.57E-09	-1.95E+00	0.115606061	0.00E+00	0.00E+00	173	 2.923869e+01 	0.0000062	7	0.000000106	0.2	2.06954	1.04E+21	1.17	0.36
121024A	-11.31120735	-11.37451325	-11.24790146	4.171788233	4.106353149	4.237223318	1.303535506	1.236874016	1.370196996	1.87	0.16	0.16	3	6	2.298	1.25E-07	1.40E-08	-1.07E+00	0.185487879	0.00E+00	0.00E+00	69	 3.172367e+01 	0.0000011	1	0.000000125	0.2	2.00683	8.83E+21	0.87	0.22
121027A	-11.92063319	-11.96221735	-11.87904904	5.409190417	5.371236686	5.447144148	1.509957635	1.451017941	1.568897328	2.16	0.14	0.14	4.5	6.6	1.773	9.14E-08	8.41E-09	-1.67E+00	0.147093939	0.00E+00	0.00E+00	62.6	 4.075690e+01 	0.000002	1	9.14E-08	0.2	2.37144	1.19E+22	1.16	0.09
121128A	-9.618411717	-9.64710174	-9.589721693	3.23392922	3.204133652	3.263724787	1.545465839	1.513020838	1.57791084	1.9455	0.127475488	0.106800047	2.2	5	2.2	1.04E-06	2.10E-08	-4.95E-01	0.136096061	0.00E+00	0.00E+00	23.3	 1.649514e+00 	0.0000069	4	0.00000104	0.4	1.98504	1.1E+22	0.9455	0.18
121211A	-11.28203604	-11.33628681	-11.22778526	4.209335181	4.146088022	4.272582339	1.156156118	1.081553289	1.230758946	1.95	0.15	0.14	3	5.75	1.023	9.84E-08	1.72E-08	-9.44E-01	0.337659697	0.00E+00	0.00E+00	182	 3.873146e+01 	0.0000013	2.67	9.84E-08	0.3	2.0682	4.59E+21	0.95	0.26
130408A	-10.3302	-10.4072	-10.2532	3.58393	3.51362	3.65423	1.39277	1.32847	1.45707	1.945	0.5352803	0.301039864	2	5.5	3.76	3.45E-07	5.90E-08	-1.78E+00	0.233224242	0.00E+00	0.00E+00	28	 6.807055e-01 	0.0000023	4	0.000000345	1.0	2.03183	1.16E+20	0.945	0.26
130418A	-9.24742	-9.30789	-9.18695	2.59006	2.52139	2.65873	1.28449	1.25287	1.31612	1.198	0.048	0.042	2.2	5.8	1.218	3.35E-08	7.95E-09	-2.57E+00	0.391493939	0.00E+00	0.00E+00	300	 3.931953e+01 	0.0000018	2	3.35E-08	0.2	1.68684	1.32E+21	0.198	0.17
130420A	-10.8721	-10.9272	-10.8171	3.56731	3.48196	3.65266	0.914676	0.885986	0.943367	2.17	0.15	0.14	2.8	6.2	1.297	2.16E-07	1.07E-08	-1.03E+00	0.294732121	0.00E+00	0.00E+00	123.5	 1.174938e+01 	0.0000071	3	0.000000216	0.2	2.29559	6.2E+20	1.17	0.25
130511A	-10.5162	-10.6	-10.4324	2.65954	2.57016	2.74893	1.16497	1.11581	1.21413	1.65	0.32	0.3	2	5	1.3033	9.85E-08	1.12E-08	-1.44E+00	0.169869697	0.00E+00	0.00E+00	5.43	 3.978543e-01 	0.00000022	0.4	9.85E-08	0.2	2.06879	1.03E+21	0.65	0.31
130514A	-10.7207	-10.7987	-10.6427	3.68772	3.60935	3.76608	1.17745	1.13557	1.21933	1.65	0.45	0.29	2.9	5.8	3.6	2.23E-07	1.31E-08	-1.50E+00	0.089178788	0.00E+00	0.00E+00	204	 1.732063e+01 	0.0000091	2	0.000000223	0.3	2.0604	1.58E+21	0.65	0.05
130603B	-10.5122	-10.5556	-10.4689	3.52927	3.48415	3.5744	1.50729	1.43647	1.57811	1.84	0.325729949	0.267441582	1.9	5.2	0.356	6.34E-07	1.72E-08	-8.53E-01	0.043810303	0.00E+00	0.00E+00	0.18	 2.400005e-02 	0.00000063	0.3	0.000000634	0.3	2.20112	2.26E+21	0.84	0.07
130606A	-10.1806	-10.2487	-10.1124	3.30222	3.2244	3.38004	1.37571	1.32385	1.42757	1.44	0.19	0.1	2.7	5.5	5.913	2.34E-07	1.14E-08	-1.01E+00	0.075648182	0.00E+00	0.00E+00	276.58	 1.963085e+01 	0.0000029	2	0.000000234	0.2	1.86465	1.78E+20	0.44	0.12
130831A	-9.89284	-9.94766	-9.83803	3.31959	3.23055	3.40864	1.28481	1.21754	1.35208	2.01	0.122065556	0.10404326	2.2	6	0.4791	9.44E-07	2.49E-08	-1.70E+00	0.04439697	0.00E+00	0.00E+00	32.5	 2.326272e+00 	0.0000065	0.2	0.000000944	0.6	1.79449	7.04E+19	1.01	0.05
130925A	-10.6253	-10.6877	-10.563	5.84588	5.78164	5.91012	1.38344	1.2566	1.51028	2.5915	0.826226361	0.412354217	4.2	6.5	0.347	4.68E-07	2.66E-08	-1.91E+00	0.094033333	0.00E+00	0.00E+00	161.1159999	 3.390408e+00 	0.000041	10	0.000000468	0.6	2.69002	9.81E+21	1.5915	0.14
131004A	-10.0154	-10.3553	-9.67559	3.19808	2.95348	3.44268	2.10218	1.82471	2.37965	2.09	0.29	0.27	2	4.5	0.71	2.21E-07	1.06E-08	-8.52E-01	0.288836364	0.00E+00	0.00E+00	1.54	 3.263372e-01 	0.00000028	0.2	0.000000221	0.2	2.21436	2.63E+21	1.09	0.11
131105A	-10.9111	-10.9445	-10.8778	3.9488	3.90091	3.99668	1.19347	1.14803	1.23891	1.94	0.17	0.16	2.6	6	1.686	2.68E-07	2.04E-09	-1.452	0.112	0.00E+00	0.00E+00	112.3	 4.102308e+00 	0.0000071	5	0.000000268	0.6	2.24976	2.13E+21	0.94	0.11
131117A	-10.8393	-10.9216	-10.757	2.87134	2.74673	2.99595	0.951056	0.9148	0.987311	1.86	0.28	0.23	2.2	5.5	4.042	4.28E-08	6.50E-09	9.54E-01	1.275690606	0.00E+00	0.00E+00	11	 2.811633e+00 	0.00000025	0.4	4.28E-08	0.1	2.15896	1.04E+22	0.86	1.41
140206A	-9.7298	-9.74279	-9.7168	3.59073	3.5694	3.61205	1.22509	1.20954	1.24063	1.672	0.117180416	0.073375745	2.6	6.2	2.7	1.69E-06	2.62E-08	-5.36E-01	0.107638182	0.00E+00	0.00E+00	93.6	 1.836108e+01 	0.000016	3	0.00000169	0.5	1.88134	1.01E+22	0.672	0.15
140423A	-10.8523	-10.9026	-10.8019	3.90552	3.85057	3.96047	1.18974	1.14462	1.23485	1.77	1.051712889	0.752013963	2.5	6	3.26	1.86E-07	1.42E-08	-1.19E+00	0.114142424	0.00E+00	0.00E+00	134	 2.310331e+01 	0.0000094	3	0.000000186	0.2	2.06486	6.6E+21	0.77	0.06
140430A	-11.3621	-11.4482	-11.276	4.14388	4.01317	4.27459	0.875171	0.791799	0.958544	2.03	0.28	0.21	3.6	5.2	1.6	1.85E-07	1.21E-08	-7.90E-01	0.339014545	0.00E+00	0.00E+00	173.6	 3.707420e+00 	0.0000011	2	0.000000185	0.2	2.15785	4.76E+21	1.03	0.22
140506A	-9.90438	-9.95954	-9.84922	3.30686	3.23804	3.37568	0.948932	0.933362	0.964502	1.9	0.423231615	0.327299557	2.8	6.2	0.889	8.67E-07	4.56E-08	-5.30E-01	0.365507273	0.00E+00	0.00E+00	111.1	 9.546715e+00 	0.0000028	3	0.000000867	0.9	1.74751	6.57E+21	0.9	0.16
140512A	-9.50443	-9.51947	-9.48939	3.53686	3.51457	3.55914	1.25134	1.23128	1.2714	1.871	0.103200048	0.098234414	2.4	5.5	0.725	5.13E-07	1.39E-08	-1.24E+00	0.042666667	0.00E+00	0.00E+00	154.8	 4.652795e+00 	0.000014	3	0.000000513	0.3	1.84304	2.13E+21	0.871	0.04
140518A	-11.3117	-11.4022	-11.2213	3.77824	3.70812	3.84837	1.64981	1.46162	1.838	1.94	0.14	0.14	2.4	4.5	4.707	5.98E-08	7.35E-09	2.53E-01	0.848900909	0.00E+00	0.00E+00	60.5	 2.482379e+00 	0.000001	1	5.98E-08	0.1	1.93772	2.89E+22	0.94	0.61
140629A	-9.84891	-9.8917	-9.80613	2.85608	2.79447	2.91769	1.16056	1.12555	1.19557	1.815	0.109658561	0.106301458	2	5.2	2.3	3.50E-07	1.87E-08	-1.35E+00	0.082972727	0.00E+00	0.00E+00	42	 1.162265e+01 	0.0000024	2	0.00000035	0.4	1.95996	5.53E+21	0.815	0.11
140903A	-11.3095	-11.3735	-11.2456	4.29222	4.21807	4.36638	1.22723	1.11695	1.33752	1.57	0.15	0.15	2.4	5.2	0.351	1.52E-07	8.04E-09	-2.03E+00	0.085824242	0.00E+00	0.00E+00	0.3	 3.417603e-02 	0.00000014	0.1	0.000000152	0.2	1.63218	1.2E+21	0.57	0.12
141004A	-10.6117	-10.697	-10.5264	3.30337	3.22143	3.3853	1.54959	1.45185	1.64733	2.08	0.21	0.2	2	5	0.57	4.30E-07	1.11E-08	-1.69E+00	0.041742424	0.00E+00	0.00E+00	3.92	 1.112460e+00 	0.00000067	0.3	0.00000043	0.3	1.79496	3.14E+21	1.08	0.08
141121A	-12.6568	-12.8243	-12.4893	5.76634	5.67625	5.85644	2.33322	2.03632	2.63012	1.82	0.19	0.17	4.4	6.2	1.47	5.77E-08	1.27E-08	-1.85E+00	0.336406061	0.00E+00	0.00E+00	549.9	 3.806260e+01 	0.0000053	4	5.77E-08	0.3	1.93447	3.94E+21	0.82	0.13
150120B	-10.791	-10.8621	-10.7199	3.39431	3.30378	3.48485	1.17705	1.11935	1.23476	1.92	0.2	0.19	2	5.5	0.46	7.70E-08	1.06E-08	-1.94E+00	0.219048485	0.00E+00	0.00E+00	24.3	 3.277924e+00 	0.00000054	0.8	0.000000077	0.2	2.01678	3.36E+21	0.92	0.25
150910A	-9.97065	-10.0028	-8.59487	3.85419	3.82551	3.88287	2.03808	1.97145	2.10471	1.6645	0.096509067	0.091591484	2.2	5.5	1.36	8.28E-08	2.18E-08	-1.46E+00	0.570074545	0.00E+00	0.00E+00	112.2	 3.648014e+01 	0.0000048	4	8.28E-08	0.4	1.78547	6.96E+20	0.6645	0.12
151031A	-11.5208	-11.6135	-9.57936	3.69323	3.5264	3.86005	0.897942	0.773473	1.02241	2.24	0.28	0.26	2	5	1.167	1.03E-07	8.29E-09	-2.05E+00	0.124681818	0.00E+00	0.00E+00	5	 2.236068e+00 	0.00000032	0.3	0.000000103	0.2	2.12551	9.69E+21	1.24	0.18
151112A	-11.6171	-11.6643	-11.5699	4.43227	4.36926	4.49529	1.1526	1.08406	1.22114	2.24	0.18	0.17	2	5.8	4.1	1.19E-07	1.37E-09	-1.881	0.224	0.00E+00	0.00E+00	19.32	 2.272541e+01 	0.00000094	1.2	0.000000119	0.2	2.17922	1.04E+21	1.24	0.21
151215A	-10.7285	-10.8215	-10.6355	3.06337	2.94749	3.17925	1.07478	1.00338	1.14617	2.015	1.611839012	0.903119593	2	5.5	2.59	1.15E-07	1.23E-08	4.52E-01	0.749292727	0.00E+00	0.00E+00	17.8	 1.013714e+00 	0.00000031	0.7	0.000000115	0.2	2.20942	3.83E+11	1.015	0.33
160121A	-11.1726	-11.242	-11.1032	3.8244	3.70401	3.94478	0.798663	0.692615	0.904711	2.02	0.27	0.21	2.4	5	1.96	7.79E-08	8.23E-09	-1.82E+00	0.152063636	0.00E+00	0.00E+00	12	 2.395617e+00 	0.00000061	0.5	7.79E-08	0.2	2.2054	2.42E+16	1.02	0.13
160227A	-10.9957	-11.0263	-10.9652	4.47751	4.43866	4.51636	1.10229	1.06795	1.13663	1.679	0.097	0.095	3.2	6.2	2.38	4.88E-08	6.88E-09	1.99E+00	1.626028758	0.00E+00	0.00E+00	316.5	 7.575925e+01 	0.0000031	2	4.88E-08	0.1	1.72551	2.63E+21	0.679	0.51
160327A	-11.2238	-11.2911	-11.1565	3.76407	3.70374	3.8244	1.49693	1.39653	1.59733	1.78	0.19	0.15	2.45	5	4.99	1.25E-07	8.77E-09	-1.57E+00	0.101963636	0.00E+00	0.00E+00	28	 9.374720e+00 	0.0000014	1	0.000000125	0.2	1.93554	5.33E+20	0.78	0.11
160804A	-11.5213	-11.58	-11.4625	4.38419	4.28882	4.47957	0.948229	0.878166	1.01829	1.92	0.18	0.17	3.1	6	0.736	2.01E-07	1.53E-08	-1.66E+00	0.116227273	0.00E+00	0.00E+00	144.2	 1.920321e+01 	0.0000114	3	0.000000201	0.3	1.87827	2.01E+21	0.92	0.23
161108A	-11.8136	-11.9471	-11.68	4.69106	4.50927	4.87285	0.883711	0.802456	0.964967	1.84	0.24	0.23	2.8	6	1.159	3.05E-08	5.31E-09	4.85E-02	1.608475758	0.00E+00	0.00E+00	105.1	 1.166004e+01 	0.0000011	1	3.05E-08	0.1	2.00325	1.45E+21	0.84	0.17
161117A	-10.7485	-10.7868	-10.7101	4.08464	4.04445	4.12483	1.141	1.11735	1.16465	2.375	2.050737672	0.70215739	3	6.2	1.549	4.60E-07	1.15E-08	-1.77E+00	0.041312121	0.00E+00	0.00E+00	125.7	 1.093376e+00 	0.00002	0.0	0.00000046	0.3	1.92624	7.54E+21	1.375	0.12
161129A	-10.4365	-10.6428	-10.4303	3.70506	3.65434	3.75579	2.32574	2.21946	2.43202	1.71	0.17	0.16	2	5	0.645	2.91E-07	1.29E-08	-1.16E+00	0.070393939	0.00E+00	0.00E+00	35.53	 2.095133e+00 	0.0000036	1	0.000000291	0.2	1.74506	3.26E+21	0.71	0.06
161219B	-10.1364	-10.1641	-10.1087	4.0135	3.97509	4.05191	0.871656	0.862988	0.880324	1.73	0.1	0.1	3	7	0.1475	3.54E-07	1.90E-08	-8.52E-01	0.34230303	0.00E+00	0.00E+00	6.94	 7.931809e-01 	0.0000015	1	0.000000354	0.4	1.86204	1.47E+21	0.73	0.35
170202A	-10.6535	-10.6983	-10.6086	3.77629	3.70764	3.84495	1.1958	1.13664	1.25495	2.04	0.15	0.15	2.4	6	3.645	3.92E-07	1.79E-08	-4.91E-01	0.263834121	0.00E+00	0.00E+00	46.2	 1.171811e+01 	0.0000033	1	0.000000392	0.3	1.99768	5.19E+21	1.04	0.07
170519A	-11.0633	-11.1163	-11.0103	4.1513	4.09907	4.20354	1.37345	1.30671	1.4402	1.975	1.002110273	0.553263048	2.9	5.5	0.818	5.42E-08	7.71E-09	-1.40E+00	0.215418182	0.00E+00	0.00E+00	216.4	 1.438385e+02 	0.0000011	2	5.42E-08	0.1	1.97351	2.19E+21	0.975	0.26
170531B	-11.3962	-11.4804	-11.3121	3.80257	3.68822	3.91692	1.02082	0.913396	1.12825	1.99	0.35	0.28	3	5	2.366	5.15E-08	8.80E-09	-1.72E+00	0.280269697	0.00E+00	0.00E+00	164.13	 9.106015e+00 	0.000002	2	5.15E-08	0.2	2.06685	4311070000	0.99	0.14
170705A	-10.1867	-10.2272	-10.1461	3.63746	3.57143	3.70349	0.774169	0.746836	0.801502	1.66	0.18	0.17	2.8	5	2.01	1.13E-06	2.41E-08	-9.17E-01	0.134438788	0.00E+00	0.00E+00	217.3	 1.555201e+01 	0.0000095	3	0.00000113	0.4	1.89159	1.23E+21	0.66	0.05
170903A	-11.2604	-11.3013	-11.2194	4.41384	4.34791	4.47978	0.971187	0.919918	1.02246	2.14	0.2	0.19	2	6	0.886	2.56E-07	1.98E-08	-1.85E+00	0.123881818	0.00E+00	0.00E+00	29.2	 4.506508e+00 	0.0000024	2	0.000000256	0.5	2.20256	5.49E+21	1.14	0.12
171205A	-12.4293	-12.5012	-12.3574	5.48376	5.37422	5.59331	1.13263	1.01717	1.24808	1.67	0.16	0.14	3	6.6	0.0368	5.89E-08	1.28E-08	-1.99E+00	0.425384848	0.00E+00	0.00E+00	189.4	 3.388084e+01 	0.0000036	3	5.89E-08	0.3	1.66173	4.73E+19	0.67	0.14
171222A	-12.1094	-12.3191	-11.8996	4.78231	4.40386	5.16077	0.718496	0.59154	0.845452	2.34	0.44	0.41	3.3	6	2.409	3.91E-08	9.33E-09	-2.13E+00	0.404257576	0.00E+00	0.00E+00	174.8	 2.386951e+01 	0.0000019	2	3.91E-08	0.2	1.99001	1.07E+20	1.34	0.17
180205A	-10.3067	-10.3713	-10.2422	3.21372	3.1249	3.30253	1.09633	1.05423	1.13842	2.03	0.21	0.2	2.5	6	1.409	2.23E-07	1.42E-08	-1.05E+00	0.371448788	0.00E+00	0.00E+00	15.5	 3.146993e+00 	0.000001	1	6.15E-07	0.3	1.88733	3.11E+21	1.03	0.13
180329B	-11.1493	-11.1975	-11.101	4.02296	3.97982	4.0661	1.50063	1.43097	1.5703	1.77	0.12	0.12	2.8	5.2	1.998	9.09E-08	2.02E-08	-1.91E+00	0.350969697	0.00E+00	0.00E+00	210	 4.942257e+01 	0.0000033	3	8.84E-08	0.4	1.86768	2.63E+21	0.77	0.56
180404A	-11.6243	-11.6904	-11.5582	4.20449	4.08029	4.32869	1.17089	1.0686	1.27318	1.72	0.46	0.33	2.4	6	1	9.32E-08	8.25E-09	-1.67E+00	0.136627273	0.00E+00	0.00E+00	35.2	 5.351026e+00 	0.0000013	1	2.34E-07	0.2	1.62007	3.07E+20	0.72	0.12
180620B	-10.9823	-11.026	-10.9386	4.6659	4.59877	4.73302	1.09835	1.0389	1.15779	1.9	0.11	0.1	3	6	1.1175	3.29E-07	1.30E-08	-1.10E+00	0.063030303	0.00E+00	0.00E+00	198.8	 2.613269e+01 	0.00001	3	4.17E-07	0.2	1.99236	1.65E+21	0.9	0.20
180728A	-9.42335	-9.43324	-9.41347	3.8695	3.85476	3.88425	1.1986	1.1895	1.2077	1.8595	0.285175385	0.200202398	2	7	0.117	8.51E-06	8.22E-08	-1.88E+00	0.018812121	0.00E+00	0.00E+00	8.68	 2.973214e-01 	0.0000296	6	2.38E-05	2.9	1.70111	3.87E+21	0.8595	0.03
181010A	-9.92652	-9.96114	-9.89191	3.15711	3.0993	3.21491	1.07011	1.03673	1.10348	2.115	0.163248277	0.149164339	2	6	1.39	1.25E-07	1.12E-08	-1.18E+00	0.139594242	0.00E+00	0.00E+00	15.564	 2.192793e+00 	0.00000069	0.7	2.42E-07	0.2	1.76613	1.90E+22	1.115	0.15
181020A	-10.4242	-10.606	-10.3224	4.29043	4.24287	4.33798	2.64643	2.55445	2.73842	2.228	0.228270125	0.169207713	3.2	5.2	2.938	7.60E-07	2.13E-08	-8.63E-01	0.045110303	0.00E+00	0.00E+00	238.016	 1.159881e+01 	0.0000081	3	1.29E-06	0.3	1.93674	4.54E+20	1.228	0.06
181110A	-10.3961	-10.4868	-10.3054	3.7664	3.71167	3.82113	1.92336	1.84893	1.99779	2.7505	0.477033542	0.19406249	2.5	5.2	1.505	2.39E-07	1.14E-08	-1.85E+00	0.075615152	0.00E+00	0.00E+00	138.424	 1.092778e+01 	0.0000099	3	6.69E-07	0.3	1.76057	7.66E+20	1.7505	0.05
190106A	-10.4325	-10.4611	-10.404	4.19124	4.16014	4.22233	1.26841	1.24141	1.29542	2.9365	1.451761775	1.000740851	2.45	6.2	1.86	3.36E-07	1.30E-08	-8.93E-01	0.225653939	0.00E+00	0.00E+00	76.8	 2.085136e+00 	0.000006	2	4.52E-07	0.3	1.94	5.53E+14	1.9365	0.21
190114A	-10.7527	-10.7864	-10.7191	3.74534	3.70312	3.78755	1.18375	1.13759	1.22991	1.86	0.12	0.12	2.6	5	3.37	4.12E-08	9.53E-09	-1.51E+00	0.399853636	0.00E+00	0.00E+00	66.6	 9.829423e+00 	0.0000008	1.2	9.06E-08	0.2	1.83	4.41E+21	0.86	0.22
190627A	-11.3984	-11.46	-11.3369	4.71457	4.65322	4.77592	1.55937	1.43953	1.67921	1.964	0.135	0.089	2.5	5.8	1.942	5.89E-08	1.01E-08	-2.41E+00	0.288660606	0.00E+00	0.00E+00	1.6	 8.809541e-01 	0.000000099	0.22	2.04E-07	0.3	1.95997	1.81E+21	0.964	0.38
050922C	-9.4772	-9.50914	-9.44526	2.52429	2.48998	2.55859	1.22035	1.20708	1.23363	2.064	0.082	0.056	1	6	2.198	5.84E-07	1.74E-08	-8.90E-01	0.172227273	0.00E+00	0.00E+00	4.5	 4.480179e-01 	0.00000162	0.54	0.000000584	0.32	2.2119	2.81E+21	1.064	0.06
60926	-10.8475	-10.9299	-10.765	3.351	3.25173	3.45027	1.45111	1.3355	1.56672	2.357	0.070229979	0.051915797	2.5	6	3.208	5.86E-08	5.43E-09	-2.38E+00	0.155972727	0.00E+00	0.00E+00	8	 1.143680e+00 	0.000000219	0.25	5.86E-08	0.14	2.00443	3.16E+22	1.357	0.23
061110A	-8.33235	-8.54265	-8.12205	2.24614	2.21279	2.27949	4.46435	4.34489	4.58381	2.977	0.062	0.059	1.67	3.9	0.758	2.85E-08	6.22E-09	-2.04E+00	0.337927273	0.00E+00	0.00E+00	40.7	 5.903362e+00 	0.00000106	0.76	2.85E-08	0.12	1.82722	3.75E+16	1.98	0.12
061222A	-9.95369	-9.9768	-9.93058	3.92091	3.89648	3.94535	1.35061	1.33254	1.36869	1.86	0.13	0.12	2.38	6.2	2.088	7.33E-07	1.51E-08	-4.87E-01	0.128506667	0.00E+00	0.00E+00	71.4	 1.216553e+01 	0.00000799	1.58	0.000000733	0.26	1.92748	3.69E+22	0.86	0.04
70508	-9.16118	-9.17197	-9.15038	3.02525	3.01336	3.03714	1.37377	1.36042	1.38713	1.764	0.037	0.036	2	6	0.82	2.24E-06	3.07E-08	-6.79E-01	0.093997273	0.00E+00	0.00E+00	20.9	 7.317486e-01 	0.0000196	2.73	0.00000224	0.61	1.82568	7.82E+21	0.764	-0.1/0.1
130505A	-8.91732	-8.93229	-8.90234	3.24559	3.22123	3.26994	1.3304	1.31475	1.34605	1.724	0.031	0.031	2.3	6.5	2.27	2.61E-06	8.21E-09	-1.18	0.072	0.00E+00	0.00E+00	88	 1.111542e+02 	0.000021	10	0.00000261	3.1	1.92439	5.24E+20	0.724	0.07
150314A	-8.6099	-8.62492	-8.59487	2.49217	2.47632	2.50803	1.19079	1.18086	1.20071	1.73	0.032	0.032	2	6	1.758	3.81E-06	6.06E-08	-4.65E-01	0.105857879	0.00E+00	0.00E+00	14.79	 2.629217e+00 	0.000022	3	0.00000381	0.9	1.84772	1.04E+22	0.73	0.03
150403A	-8.82118	-8.82629	-8.81608	3.19694	3.18997	3.20392	1.24471	1.24013	1.24929	1.679	0.015	0.015	2	6.2	2.06	1.71E-06	3.81E-08	-9.18E-01	0.036280909	0.00E+00	0.00E+00	40.9	 1.171655e+01 	0.000017	3	0.00000171	-.6	1.70996	6.17E+21	0.679	0.04
151021A	-9.64218	-9.705	-9.57936	3.15765	3.10557	3.20973	1.33346	1.31205	1.35487	2.27	0.56	0.48	2.4	5.5	2.33	7.66E-07	4.60E-08	-1.42E+00	0.094518182	0.00E+00	0.00E+00	110.2	 3.593864e+00 	0.000028	10	0.000000766	0.8	1.96079	2.17E+22	1.27	0.04
151027A	-9.93519	-9.9574	-9.91298	3.99907	3.98176	4.01638	1.74508	1.72009	1.77007	1.9235	0.063405441	0.0585235	2.7	6	0.81	5.82E-07	2.88E-08	-1.24E+00	0.081806061	0.00E+00	0.00E+00	129.69	 5.465449e+00 	0.0000078	2	0.000000582	0.6	2.00612	4.47E+21	0.9235	0.05
180720B	-8.84853	-8.8535	-8.84355	3.62033	3.61419	3.62647	1.34127	1.3359	1.34665	1.729	0.014	0.014	3	6.3	0.654	6.37E-07	9.92E-08	-6.64E-01	0.156776364	0.00E+00	0.00E+00	180.4	 3.688453e+00 	0.000086	10	1.15E-05	2.6	1.8461	1.75E+21	0.729	0.03
50904	-11.4544	-11.7493	-11.1596	4.6841	4.58562	4.78257	3.32203	2.69728	3.94677	1.846	0.054	0.054	3.2	6	6.29	5.38E-08	9.26E-09	-1.24E+00	0.264940909	0.00E+00	0.00E+00	174.2	 1.630626e+01 	0.00000483	1.80	5.38E-08	0.17	1.90813	2.48E+22	0.848	0.07
90423	-11.28019875	-11.36589439	-11.19450311	3.915217718	3.837574123	3.992861312	1.432675325	1.368621959	1.496728691	1.77	0.19	0.18	3	6	8.2	1.24E-07	7.73E-09	-1.65E+00	0.092848485	0.00E+00	0.00E+00	10.3	 1.055547e+00 	0.00000059	0.4	0.000000124	0.2	1.8158	5.64E+22	0.77	0.50
090429B	-10.9294	-11.1042	-10.7647	3.19881	3.0754	3.37249	1.4371	1.35176	1.5339	1.74	0.26	0.25	1	5.4	9.4	1.03E-07	9.00E-09	-6.53E-01	0.529739091	0.00E+00	0.00E+00	5.583999991	 9.943702e-01 	0.00000031	0.3	0.000000103	0.2	2.00127	1.08E+21	0.74	0.77
170714A	-10.07543958	-10.14183538	-10.00904379	4.280802321	4.256865912	4.30473873	3.421196945	3.271619963	3.570773926	1.6815	0.029	0.029	2.8	6	0.793	2.10E-08	8.56E-09	-1.97E+00	0.887268182	0.00E+00	0.00E+00	1000	 9.460989e+01 	0.0000028	3	0.000000021	0.2	1.84715	1.17E+21	0.6815	0.17
180624A	-11.54404073	-11.63219066	-11.45589079	4.171185481	4.071806426	4.270564536	1.243849338	1.120482895	1.367215782	1.95	0.17	0.17	3	6	2.855	8.96E-08	1.08E-08	-1.87E+00	0.185448485	0.00E+00	0.00E+00	486.4	 3.575626e+01 	0.0000058	3	2.51E-07	0.2	2.06008	1.27E+21	0.95	0.10
70223	-11.8633	-12.0295	-11.6972	4.22335	4.02024	4.42645	0.991734	0.912424	1.07104	2.03	0.7	0.58	3	6	1.6295	3.04E-08	7.89E-09	-1.72E+00	0.405363636	0.00E+00	0.00E+00	88.5	 3.200000e+01 	0.0000017	1.20	3.04E-08	0.15	2.25837	5.03E+21	1.03	0.12
111209A	-9.0572	-9.07819	-9.03621	4.13326	4.12281	4.14372	2.77382	2.72947	2.81817	1.2529	0.0078	0.0077	2.58	6.4	0.677	7.59E-08	1.70E-08	-1.68E+00	0.373833333	0.00E+00	0.00E+00	1400	 5.210948e+01 	0.000036	10	7.59E-08	0.1	1.81212	1.38E+21	0.2529	0.03
121229A	-12.3592	-12.6216	-12.0968	4.70907	4.32183	5.09631	0.900754	0.476397	1.32511	1.99	0.52	0.28	3.6	5.4	2.707	3.51E-08	1.13E-08	-1.35E+00	0.807258788	0.00E+00	0.00E+00	23.037	 4.132595e+01 	0.00000046	1.3	3.51E-08	0.0	2.18362	3452250	0.99	0.46
50318	-11.15470519	-11.21652488	-11.0928855	4.132084541	4.088304205	4.175864876	1.874408221	1.788501702	1.960314741	1.98	0.257	0.183	2.7	5	1.44	2.16E-07	1.01E-08	-8.06E-01	2.67E-01	0.00E+00	0.00E+00	32	 1.091679e+01 	0.00000108	0.77	0.000000216	0.20	1.98053	8.45E+20	0.95	0.10
50505	-11.04834786	-11.08106963	-11.01562609	4.270583544	4.240515952	4.300651136	1.462094791	1.4261685	1.498021082	1.973	0.083	0.082	2	6	4.27	1.67E-07	1.53E-08	-1.08E+00	0.150708788	0.00E+00	0.00E+00	58.9	 6.839795e+00 	0.00000249	1.79	0.000000167	0.31	2.01835	1.7E+22	0.973	0.12
71020	-9.169100889	-9.204200711	-9.134001067	2.311950854	2.272688793	2.351212916	1.119196934	1.108043725	1.130350143	1.844	0.08	0.078	1.5	6.2	2.146	8.67E-07	1.64E-08	-7.68E-01	0.03180697	0.00E+00	0.00E+00	4.2	 5.826972e-01 	0.0000023	1	0.000000867	0.3	1.59788	9.92E+20	0.844	0.05
71117	-11.23542972	-11.3364541	-11.13440533	3.901990464	3.784827497	4.019153431	1.104952391	1.015564589	1.194340193	1.94	0.34	0.32	2	5	1.3331	1.04E-06	2.26E-08	-3.14E-01	0.143084455	0.00E+00	0.00E+00	6.6	 2.148730e+00 	0.0000024	1	0.00000104	0.4	2.0457	11.0387	0.94	0.06
050820A	-10.01825047	-10.28499148	-9.751509454	3.750945731	3.512468203	3.98942326	1.136499703	1.123974002	1.149025404	1.92	0.257	0.176	2.5	6	2.612	2.10E-07	1.79E-08	-1.88E-01	0.447262727	0.00E+00	0.00E+00	26	 1.151344e+01 	0.00000344	2.42	0.00000021	0.23	1.96878	4.17E+21	0.9	0.12
060912A	-10.10808621	-10.25550616	-9.960666254	2.455171016	2.298606152	2.61173588	1.045731532	1.016793746	1.074669317	1.615	0.437	0.28	1.5	6	0.94	5.88E-07	2.11E-08	-1.20E+00	0.203263636	0.00E+00	0.00E+00	5	 5.806755e-01 	0.00000135	0.62	0.000000588	0.44	1.8948	2.33E+21	0.63	0.09
111117A	-11.5614784	-11.7222076	-11.4007492	3.040958613	2.872004503	3.209912722	1.320391508	1.202614838	1.438168178	1.79	0.55	0.46	2.5	6	2.211	1.50E-07	1.37E-08	-5.90E-01	1.69E-01	0.00E+00	0.00E+00	0.47	 5.366561e-02 	0.00000014	0.18	0.00000015	0.20	2.19593	2.28E+21	0.79	0.22
130604A	-8.315649473	-8.482091198	-8.149207748	2.071571247	1.971387234	2.17175526	1.742079764	1.700426193	1.783733335	1.98	0.3	0.27	1.9	5.2	1.06	6.30E-08	9.59E-09	-1.32E+00	0.253515152	0.00E+00	0.00E+00	37.7	 2.975946e+01 	0.0000014	1	0.000000063	0.2	2.08823	2.24E+21	0.98	0.12
160203A	-11.36748516	-11.45207195	-11.28289837	3.66139836	3.574387933	3.748408786	1.146279559	1.086088659	1.206470459	1.47	0.97	0.47	2.5	5.2	3.52	7.93E-08	1.93E-08	-2.00E+00	0.383312121	0.00E+00	0.00E+00	20.2	 2.285985e+00 	0.0000012	1	7.93E-08	0.4	1.75592	1.04E+22	0.61	0.20
070721B	-10.5089	-10.8304	-10.1008	3.94739	3.88071	4.08239	2.5054	2.42127	2.60415	1.52	0.12	0.12	3.6	5.2	3.626	1.57E-07	1.52E-08	-8.35E-01	0.16709	0.00E+00	0.00E+00	340	 2.246800e+01 	0.0000036	2	0.000000157	0.3	1.52512	7.85E+21	0.52	0.11
71003	-11.6776	-11.8135	-11.5417	4.78411	4.6856	4.88261	1.97901	1.79591	2.16212	1.837	0.13	0.066	4	5.5	1.60435	6.35E-07	2.44E-08	-8.41E-01	0.064751212	0.00E+00	0.00E+00	150	 4.616348e+00 	0.0000083	3	0.000000635	0.4	1.91015	7.40868E+20	0.837	0.07
080916A	-10.7527	-10.8119	-10.6935	3.60698	3.53348	3.68047	0.998947	0.972899	1.025	1.83	0.31	0.29	3	6.1	0.689	2.51E-07	1.07E-08	-1.64E-01	0.270045758	0.00E+00	0.00E+00	60	 6.680057e+00 	0.000004	1	0.000000251	0.2	1.88453	5.53508E+21	0.83	0.21
081203A	-10.9244	-10.9813	-10.8674	4.02089	3.98157	4.06021	1.86904	1.80465	1.93344	1.915	0.455	0.39	3	6	2.1	2.46E-07	1.14E-08	-1.17E+00	0.071345455	0.00E+00	0.00E+00	294	 8.998889e+01 	0.0000077	3	0.000000246	0.2	2.03508	4.58954E+21	0.82	0.06
90519	-11.76	-11.9715	-11.5486	3.44619	3.2059	3.68648	1.42452	1.11802	1.73102	1.63	0.33	0.27	2.6	4.3	3.85	6.86E-08	1.06E-08	-3.07E-01	0.389413636	0.00E+00	0.00E+00	64	 8.183147e+00 	0.0000012	1	6.86E-08	0.2	1.46604	1.35112E+22	0.63	0.20
90812	-10.1673	-10.2734	-10.0611	3.52924	3.39666	3.66182	1.37252	1.2884	1.45664	1.53	0.22	0.19	3	6	2.452	3.52E-07	1.33E-08	-8.62E-01	0.063048182	0.00E+00	0.00E+00	66.7	 1.528687e+01 	0.0000058	2	0.000000352	0.2	1.88559	5.99391E+21	0.53	0.05
110808A	-12.0844	-12.1681	-12.0007	4.50711	4.35146	4.66277	0.807091	0.729491	0.884691	2.4	0.46	0.41	2.8	6	1.348	3.81E-08	8.14E-09	-1.85E+00	0.297754545	0.00E+00	0.00E+00	48	 9.028595e+00 	0.00000033	0.8	3.81E-08	0.2	2.33721	3.66861E+14	1.4	0.43
120804A	-9.76499	-9.93053	-9.59945	2.56606	2.38804	2.74408	1.09546	1.05838	1.13255	1.86	0.38	0.35	2.17	6	1.3	8.66E-07	2.86E-08	-9.79E-01	0.202497879	0.00E+00	0.00E+00	0.81	 8.323456e-02 	0.00000088	0.5	0.000000866	0.6	2.05668	4.05642E+21	0.86	0.08
141220A	-9.87283	-9.91528	-9.83037	2.77561	2.71823	2.83298	1.42066	1.36992	1.47139	2.1	0.26	0.12	2	4.5	1.3195	8.12E-07	4.03E-08	-2.49E-01	0.347811515	0.00E+00	0.00E+00	7.21	 4.790157e-01 	0.0000026	1	0.000000812	0.7	1.80565	3.06016E+21	1.1	0.38
60418	-9.79296	-9.842	-9.74392	3.11887	3.06163	3.17612	1.47655	1.43185	1.52126	1.98	0.23	0.22	2.6	6	1.49	4.99E-07	1.63E-08	-1.50E+00	0.053854545	0.00E+00	0.00E+00	103.1	 4.672552e+01 	0.00000833	2.53	0.000000499	0.35	1.94118	4.50436E+21	0.98	0.06
90426	-10.6655	-10.7474	-10.5729	2.64657	2.55801	2.76734	1.00429	0.962438	1.04777	1.705	0.49	0.457	1.7	6	2.609	1.56E-07	1.44E-08	-1.74E+00	0.134648485	0.00E+00	0.00E+00	1.2	 2.532982e-01 	0.00000018	0.3	0.000000156	0.3	2.03664	2.05E+21	0.64	0.22
140509A	-11.0977	-11.1759	-11.008	3.58709	3.52293	3.70036	1.40649	1.312	1.52036	1.86	0.23	-0.21	2.85	5	2.4	1.18E-07	1.77E-08	-1.49E+00	0.234306061	0.00E+00	0.00E+00	23.2	 5.171157e+00 	0.0000012	2	0.000000118	0.4	1.93407	7.97E+20	0.86	0.20
151029A	-10.7664	-10.8566	-10.6619	2.7098	2.59701	2.84531	1.23481	1.16457	1.31059	2.25	0.43	-0.23	2	4.6	1.423	9.49E-08	1.18E-08	-4.55E-01	0.924927273	0.00E+00	0.00E+00	8.95	 3.955078e+00 	0.00000039	0.6	9.49E-08	0.3	2.307153	3.56E+21	3.15	1.08
